
missing_order_ids = [88, 241, 417, 613, 713, 777, 811, 820, 858, 894]
missing_customer_ids = [54, 93, 169, 340, 396, 565, 818, 908, 909, 974]
missing_order_dates = [75, 83, 140, 273, 304, 382, 476, 613, 773, 990]
missing_product_ids = [85, 232, 417, 546, 576, 785, 809, 844, 931, 957]

older_ship_dates = [3135, 3197, 3246, 3247, 3278, 3388, 3406, 3432, 3453, 3477]

outlier_ship_dates = [3518, 3529, 3545, 3571, 3624, 3630, 3634, 3672, 3673, 3722]
outlier_order_dates = [3798, 3811, 3834, 3876, 3887, 3890, 3896, 3912, 3917, 3950]

malformed_country = [4041, 4119, 4133, 4135, 4209, 4238, 4299, 4327, 4369, 4453]
malformed_segment = [4504, 4504, 4607, 4628, 4633, 4726, 4818, 4894, 4915, 4943]
malformed_shipmode = [5002, 5007, 5077, 5079, 5102, 5129, 5130, 5151, 5165, 5190]

negative_quantities = [5200, 5207, 5212, 5258, 5298, 5331, 5369, 5394, 5410, 5471]

nan_sales = [5512, 5530, 5756, 5767, 5787, 5807, 5845, 5875, 5928, 5986]
nan_profit = [6066, 6078, 6078, 6106, 6161, 6172, 6256, 6266, 6268, 6400]

outlier_quantity = [6503, 6721, 6736, 6825, 7021, 7043, 7047, 7102, 7195, 7348]
outlier_sales = [7514, 7545, 7767, 7922, 8072, 8075, 8187, 8242, 8283, 8389]
outlier_discount = [8668, 8793, 8824, 8832, 8838, 9025, 9195, 9451, 9464, 9484]